--- Operazione: Creazione ---
[[23, 29, 32, 73, 43, 21, 89, 29, 79], [69, 58, 60, 17, 22, 33, 54, 61, 59], [62, 84, 34, 3, 47, 48, 75, 12, 5], [85, 3, 95, 95, 66, 76, 7, 62, 91], [14, 92, 52, 67, 20, 54, 60, 99, 50]]

--- Operazione: Creazione ---
[[72, 66, 53, 57], [31, 99, 53, 52], [53, 100, 94, 44], [81, 55, 61, 74]]

--- Operazione: Creazione ---
[10, 25, 40, 5, 15, 30]

--- Operazione: Creazione ---
[[1, 0, 0], [0, 1, 0], [0, 0, 1]]

--- Operazione: Creazione ---
[[5, 10, 15, 20], [1, 2, 3, 4]]